571,17
571,16
571,15
571,13
571,11
571,14
571,12
571,10
571,5
571,4
571,9
571,8
839,12
571,7
571,6
839,11
839,10
838,7
837,8
572,20
837,7
572,19
836,16
572,18
572,17
836,15
836,14
572,16
836,13
572,15
836,12
572,13
572,11
572,14
836,11
572,12
836,10
572,10
836,9
572,5
572,4
840,7
572,9
840,6
840,5
840,4
572,8
839,9
572,7
572,6
839,8
839,7
839,6
829,125
829,124
829,123
829,122
829,121
829,120
839,5
839,4
838,6
838,5
838,4
837,6
837,5
837,4
836,8
829,191
829,119
829,118
829,117
829,116
829,115
829,114
829,113
829,112
829,111
829,110
829,109
829,108
829,107
829,106
829,105
829,104
829,103
829,102
829,101
829,100
829,99
829,98
829,97
829,96
829,95
829,94
829,93
829,92
829,91
829,90
829,89
829,88
829,87
829,86
829,85
829,84
829,83
829,82
829,81
829,80
829,79
829,78
836,7
836,6
836,5
836,4
829,77
829,76
829,75
829,74
829,73
829,72
829,71
829,70
829,69
829,68
829,67
829,66
829,65
829,64
829,36
829,35
829,34
829,33
829,32
829,31
829,30
829,29
829,28
829,27
829,26
829,25
829,24
829,23
829,22
829,21
829,20
829,19
829,18
829,17
829,16
829,15
829,14
829,13
829,12
829,11
829,10
829,9
829,8
829,7
829,6
829,5
840,3
840,2
840,1
840,0
839,3
839,2
839,1
839,0
838,3
838,2
838,1
838,0
837,3
837,2
837,1
837,0
836,3
836,2
836,1
836,0
835,3
835,2
835,1
835,0
829,4
834,3
834,2
834,1
834,0
833,3
833,2
833,1
833,0
832,3
832,2
832,1
832,0
831,3
831,2
831,1
831,0
830,3
830,2
830,1
830,0
829,3
829,2
829,1
829,0
497,80
497,23
497,103
497,84
497,83
497,87
497,37
497,32
497,14
497,92
497,34
497,20
497,52
497,36
497,56
497,33
0,719
495,50
495,49
495,43
495,48
495,23
0,718
495,47
495,46
495,18
495,45
495,28
495,44
495,36
0,717
495,42
495,33
495,41
495,27
495,40
495,39
495,15
0,716
495,38
495,14
495,37
495,31
495,35
495,34
0,715
495,26
495,32
495,24
495,30
495,29
495,10
495,20
495,25
495,17
495,22
495,21
495,19
495,11
495,13
495,16
495,12
495,6
495,5
495,4
495,9
497,93
497,106
497,105
497,104
497,30
497,140
497,139
497,102
497,101
497,138
497,91
497,137
497,90
497,100
497,29
497,136
497,135
497,99
497,58
497,98
497,28
497,97
497,134
497,96
497,133
497,95
497,94
497,25
497,19
497,132
497,45
497,131
497,76
497,130
497,89
497,88
497,17
497,129
497,40
497,128
497,86
497,11
497,85
497,79
497,13
497,82
497,81
497,75
497,47
497,78
497,73
497,77
497,62
497,74
497,10
497,72
497,71
497,21
497,70
497,69
497,68
497,67
497,66
497,65
497,64
497,63
497,49
497,12
497,61
497,60
497,59
497,57
497,55
497,54
497,53
497,51
497,50
497,48
497,15
497,46
497,44
497,43
497,42
497,41
497,39
497,38
497,35
497,31
497,22
497,27
497,26
497,24
497,18
497,16
497,6
497,5
497,4
497,9
497,8
497,7
480,88
480,87
480,11
480,86
480,85
480,84
480,34
480,33
480,83
480,31
480,45
480,82
480,81
480,41
0,699
480,80
480,79
480,78
480,77
480,66
480,76
480,75
480,14
480,13
480,74
0,698
480,73
480,72
480,71
480,70
480,69
480,68
480,25
480,67
480,65
480,17
0,697
480,64
480,63
480,22
480,20
480,62
480,61
480,37
480,60
480,59
480,58
480,57
480,56
480,19
480,23
480,55
0,696
480,54
480,53
480,52
480,16
480,51
480,50
0,695
480,49
480,48
480,47
480,46
0,694
480,12
480,44
480,43
480,42
480,28
480,40
480,39
0,693
480,38
480,36
480,35
480,32
480,30
480,29
0,692
480,27
480,26
480,24
0,691
480,21
480,18
480,4
480,15
0,690
480,6
480,5
480,10
480,9
480,8
480,7
0,781
0,780
490,159
490,158
490,157
490,156
490,155
490,154
490,153
490,86
490,152
490,64
490,151
490,150
490,85
490,149
490,148
490,147
490,146
490,145
490,84
490,144
0,779
490,143
490,142
490,83
490,11
490,141
490,140
490,139
490,138
490,82
490,137
490,136
490,135
490,134
490,133
490,132
490,81
490,80
490,79
490,25
490,131
490,130
490,78
490,129
490,15
490,128
490,77
490,76
490,75
490,74
490,73
490,72
490,71
490,14
0,778
0,777
0,776
0,775
0,774
0,773
0,772
0,771
0,770
0,769
0,768
0,689
0,688
0,687
0,686
0,685
0,684
0,683
0,682
0,681
0,680
0,679
0,678
0,677
0,676
0,675
0,674
0,673
0,672
484,6
0,671
484,5
484,4
0,670
483,31
483,30
483,29
0,669
483,28
483,27
0,668
483,26
483,25
483,24
0,667
483,23
0,666
483,22
483,21
483,20
0,665
483,19
483,18
0,664
483,17
483,16
483,15
0,663
483,14
483,13
483,12
0,662
483,11
483,10
0,661
483,9
483,8
483,7
0,660
483,6
0,659
483,5
483,4
0,658
0,714
0,713
0,712
0,711
0,710
0,709
0,708
0,707
0,706
0,705
0,704
0,657
0,656
0,655
0,654
0,653
0,652
0,651
0,650
0,649
0,648
0,647
0,646
0,645
490,70
490,69
0,644
490,68
490,67
490,39
490,66
490,19
490,65
490,28
490,63
490,50
490,62
490,61
490,60
490,48
0,643
490,59
490,58
490,57
490,56
490,55
490,54
490,34
490,53
0,642
490,52
490,51
490,41
490,49
490,21
490,47
490,46
490,45
0,641
490,44
490,43
490,42
490,33
490,40
490,12
0,640
490,38
490,37
490,36
490,35
490,22
490,32
490,31
490,30
490,29
490,24
490,27
490,26
490,23
490,17
490,20
490,18
490,16
490,5
490,4
490,13
490,6
490,10
490,9
490,8
490,7
485,76
485,75
485,74
485,73
485,72
485,71
485,70
485,69
485,68
485,67
485,66
485,65
485,64
485,35
485,34
485,33
485,32
485,31
485,30
485,29
485,28
485,27
485,26
485,25
485,24
485,23
485,22
485,21
485,20
485,19
485,18
485,17
485,16
485,15
485,14
485,13
485,12
485,11
485,10
485,9
485,8
485,7
485,6
485,5
485,4
458,5
458,9
458,8
828,3
828,2
828,1
828,0
827,3
827,2
827,1
827,0
826,3
826,2
826,1
826,0
825,3
825,2
825,1
825,0
824,3
824,2
824,1
824,0
823,3
823,2
823,1
823,0
817,11
817,10
817,9
817,8
817,7
817,6
817,5
817,4
822,3
822,2
822,1
822,0
821,3
821,2
821,1
821,0
820,3
820,2
820,1
820,0
819,3
819,2
819,1
819,0
818,3
818,2
818,1
818,0
817,3
817,2
817,1
817,0
816,3
816,2
816,1
816,0
815,3
815,2
815,1
815,0
814,3
814,2
814,1
814,0
813,3
813,2
813,1
813,0
812,3
812,2
812,1
812,0
811,3
811,2
811,1
811,0
805,7
805,6
805,5
805,4
810,3
810,2
810,1
810,0
809,3
809,2
809,1
809,0
808,3
808,2
808,1
808,0
807,3
807,2
807,1
807,0
806,3
806,2
806,1
806,0
805,3
805,2
805,1
805,0
458,10
570,26
570,25
570,24
570,23
570,15
570,22
570,21
570,20
570,19
570,6
570,5
570,18
570,17
458,7
458,6
570,16
570,14
570,4
570,13
570,12
570,11
570,10
570,9
570,8
570,7
477,11
477,9
689,16
689,12
689,15
477,10
689,14
689,10
477,8
477,4
689,13
689,11
689,5
689,9
689,4
477,7
689,8
477,6
477,5
689,7
689,6
755,19
446,31
447,85
447,84
447,80
447,83
448,90
448,89
448,88
449,103
449,99
449,147
449,146
449,192
449,102
449,100
468,21
457,36
457,31
457,35
444,21
755,18
446,30
446,21
446,29
446,20
447,82
447,75
447,81
447,71
447,79
447,55
448,87
448,86
448,85
449,145
449,144
449,143
491,15
493,27
457,34
457,25
457,33
755,12
755,17
755,13
446,28
446,27
446,17
447,78
447,77
448,84
448,83
449,101
449,97
449,94
449,142
449,141
491,14
491,11
493,26
493,25
493,20
493,19
468,20
444,20
444,13
446,26
446,23
447,76
447,62
447,74
447,73
447,24
447,72
447,26
448,82
448,81
448,80
449,140
449,98
449,90
449,139
449,96
449,43
449,95
449,30
449,138
493,24
457,32
457,23
457,30
457,9
444,19
755,16
446,25
447,65
447,70
447,69
448,79
448,78
449,84
449,93
449,28
449,137
449,92
449,51
449,91
449,85
449,136
449,89
449,45
468,19
457,29
457,28
457,27
457,20
457,26
460,10
447,68
447,67
447,38
447,66
447,14
447,60
447,64
447,63
447,52
448,77
448,76
448,75
449,88
449,17
449,135
449,134
449,87
491,13
468,18
457,16
457,24
444,18
446,24
447,61
447,56
447,59
447,58
447,15
447,57
448,74
448,45
448,44
448,43
448,42
448,6
448,5
448,73
448,41
448,36
448,72
449,86
449,77
449,133
449,76
449,83
449,132
449,82
449,81
449,16
449,131
449,80
493,23
457,19
457,22
460,9
460,8
460,4
444,17
444,16
444,4
447,53
447,35
447,54
447,42
447,45
448,71
448,70
448,69
449,130
449,79
449,78
449,73
449,129
493,22
493,17
468,17
468,16
468,12
755,15
446,13
446,22
447,51
447,50
448,68
448,67
448,66
449,128
449,64
449,75
449,74
449,65
449,72
449,71
491,12
493,21
468,15
457,21
457,14
444,15
446,15
447,49
447,48
447,47
447,46
448,65
448,64
449,70
449,69
449,68
449,67
449,66
449,59
491,9
493,14
493,12
457,18
444,14
444,11
755,14
755,5
446,19
447,37
447,44
447,43
447,34
448,40
448,39
448,38
449,56
449,63
449,62
449,61
493,18
468,14
457,17
755,11
755,4
447,41
447,40
448,37
448,35
448,4
448,34
448,33
449,60
449,53
449,58
449,57
449,44
468,13
457,10
457,15
460,7
444,12
755,10
446,18
446,16
446,14
446,6
446,5
447,39
447,29
447,36
447,31
448,32
448,31
448,30
449,55
449,54
449,47
449,52
449,50
491,10
493,16
493,4
493,15
468,11
468,4
457,12
457,13
446,11
447,33
447,32
448,29
448,28
448,27
449,49
449,48
449,38
449,46
449,35
491,8
491,4
493,13
493,11
493,6
493,5
468,10
457,11
457,5
457,4
444,10
444,5
444,9
447,28
447,30
447,21
448,26
448,25
448,24
449,42
449,41
449,40
449,39
449,32
493,10
468,9
460,6
460,5
446,12
446,10
446,4
447,22
447,27
447,25
448,23
448,22
449,37
449,36
449,23
491,7
447,23
447,19
447,17
448,21
448,20
448,19
449,34
449,33
449,25
449,31
449,29
468,8
457,8
444,8
446,9
447,20
447,13
447,18
448,18
448,17
448,16
449,27
449,26
449,21
449,24
449,19
491,6
491,5
493,9
457,7
457,6
444,7
444,6
446,8
446,7
447,16
447,6
447,5
447,11
447,12
447,10
447,4
448,15
448,14
448,13
448,12
449,22
449,15
449,20
449,18
449,6
449,5
449,12
449,14
493,8
493,7
468,7
468,6
755,9
447,9
447,8
447,7
448,11
448,10
449,13
449,11
449,4
449,10
573,411
573,410
573,409
573,408
573,407
573,406
573,405
573,404
573,403
573,402
573,401
573,400
573,399
573,398
573,397
573,396
573,395
573,394
573,393
573,392
573,391
573,390
573,389
573,388
573,387
573,386
573,385
573,384
573,383
573,382
573,381
573,380
573,379
573,378
573,377
573,376
573,375
573,374
573,373
573,372
573,371
573,370
573,369
573,368
573,367
573,366
573,365
573,364
573,363
573,362
573,361
573,360
573,359
573,358
573,357
573,356
573,355
573,354
573,353
573,352
573,351
573,350
573,349
573,348
573,347
573,346
573,345
573,344
573,343
573,342
573,341
573,340
573,339
573,338
573,337
573,336
573,335
573,334
573,333
573,332
573,331
573,330
573,329
573,328
573,327
573,326
573,325
573,324
573,323
573,322
573,321
573,320
573,319
573,318
573,317
573,316
573,315
573,314
573,313
573,312
573,311
573,310
573,309
573,308
573,307
573,306
573,305
573,304
573,303
573,302
573,301
573,300
573,299
573,298
573,297
573,296
573,295
573,294
573,293
573,292
573,291
573,290
573,289
573,288
573,287
573,286
573,285
573,284
573,283
573,282
573,281
573,280
573,279
573,278
573,277
573,276
573,275
573,274
573,273
573,272
573,271
573,270
573,269
573,268
573,267
573,266
573,265
573,264
573,263
573,262
573,261
573,260
573,259
573,258
573,257
573,256
573,255
573,254
573,253
573,252
573,251
573,250
573,249
573,248
573,247
573,246
573,245
573,244
573,243
573,242
573,241
573,240
573,239
573,238
573,237
573,236
573,235
573,234
573,233
573,232
573,231
573,230
573,229
573,228
573,227
573,226
573,225
573,224
573,223
573,222
573,221
573,220
573,219
573,218
573,217
573,216
573,215
573,214
573,213
573,212
573,211
573,210
573,209
573,208
573,207
573,206
573,205
573,204
573,203
573,202
573,201
573,200
573,199
573,198
573,197
573,196
573,195
573,194
573,193
573,192
573,191
573,190
573,189
573,188
573,187
573,186
573,185
573,184
573,183
573,182
573,181
573,180
573,179
573,178
573,177
573,176
573,175
573,174
573,173
573,172
573,171
573,170
573,169
573,168
573,167
573,166
573,165
573,164
573,163
573,162
573,161
573,160
573,159
573,158
573,157
573,156
573,155
573,154
573,153
573,152
573,151
573,150
573,149
573,148
573,147
573,146
573,145
573,144
573,143
573,142
573,141
573,140
573,139
573,138
573,137
573,136
573,135
573,134
573,133
573,132
573,131
573,130
573,129
573,128
573,127
573,126
573,125
573,124
573,123
573,122
573,121
573,120
573,119
573,118
573,117
573,116
573,115
573,114
573,113
573,112
573,111
573,110
573,109
573,108
573,107
573,106
573,105
573,104
573,103
573,102
573,101
573,100
573,99
573,98
573,97
573,96
573,95
573,94
573,93
573,92
573,91
573,90
573,89
573,88
573,87
573,86
573,85
573,84
573,83
573,82
573,81
573,80
573,79
573,78
573,77
573,76
573,75
573,74
573,73
573,72
573,71
573,70
573,69
573,68
573,67
573,66
573,65
573,64
573,35
573,34
573,33
573,32
573,31
573,30
573,29
573,28
573,27
573,26
573,25
573,24
573,23
573,22
573,21
573,20
573,19
573,18
573,17
573,16
573,15
573,14
573,13
573,12
573,11
573,10
573,9
573,8
573,7
573,6
573,5
573,4
371,6
371,5
495,8
495,7
793,7
449,9
448,9
793,6
793,5
755,8
755,7
448,8
448,7
449,8
449,7
375,9
375,8
0,579
0,578
0,577
804,3
804,2
804,1
804,0
803,3
803,2
803,1
803,0
802,3
802,2
802,1
802,0
801,3
801,2
801,1
801,0
800,3
800,2
800,1
800,0
799,3
799,2
799,1
799,0
793,4
798,3
798,2
798,1
798,0
797,3
797,2
797,1
797,0
796,3
796,2
796,1
796,0
795,3
795,2
795,1
795,0
794,3
794,2
794,1
794,0
793,3
793,2
793,1
793,0
792,3
792,2
792,1
792,0
791,3
791,2
791,1
791,0
790,3
790,2
790,1
790,0
789,3
789,2
789,1
789,0
788,3
788,2
788,1
788,0
787,3
787,2
787,1
787,0
786,3
786,2
786,1
786,0
785,3
785,2
785,1
785,0
0,576
432,7
432,6
2,192
784,3
784,2
784,1
784,0
783,3
783,2
783,1
783,0
782,3
782,2
782,1
782,0
781,3
781,2
781,1
781,0
780,3
780,2
780,1
780,0
779,3
779,2
779,1
779,0
773,11
773,10
773,9
773,8
773,7
773,6
773,5
773,4
778,3
778,2
778,1
778,0
777,3
777,2
777,1
777,0
776,3
776,2
776,1
776,0
775,3
775,2
775,1
775,0
774,3
774,2
774,1
774,0
773,3
773,2
773,1
773,0
2,172
772,3
772,2
772,1
772,0
771,3
771,2
771,1
771,0
770,3
770,2
770,1
770,0
769,3
769,2
769,1
769,0
768,3
768,2
768,1
768,0
767,3
767,2
767,1
767,0
761,7
761,6
761,5
761,4
766,3
766,2
766,1
766,0
765,3
765,2
765,1
765,0
764,3
764,2
764,1
764,0
763,3
763,2
763,1
763,0
762,3
762,2
762,1
762,0
761,3
761,2
761,1
761,0
358,7
359,6
359,5
358,6
358,5
760,4
760,3
760,2
760,1
760,0
759,6
759,5
759,4
759,3
759,2
759,1
759,0
758,5
758,4
758,3
758,2
758,1
758,0
757,5
757,4
757,3
757,2
757,1
757,0
756,4
756,3
756,2
756,1
756,0
2,171
755,6
755,3
755,2
755,1
755,0
754,4
754,3
754,2
754,1
754,0
753,4
753,3
753,2
753,1
753,0
752,6
752,5
752,4
752,3
752,2
752,1
752,0
751,4
751,3
751,2
751,1
751,0
2,170
750,5
750,4
750,3
750,2
750,1
750,0
749,4
749,3
749,2
749,1
749,0
748,5
748,4
748,3
748,2
748,1
748,0
2,169
747,4
747,3
747,2
747,1
747,0
746,7
746,6
746,5
746,4
746,3
746,2
746,1
746,0
2,168
745,7
745,6
745,5
745,4
745,3
745,2
745,1
745,0
744,4
744,3
744,2
744,1
744,0
743,4
743,3
743,2
743,1
743,0
2,167
742,5
742,4
742,3
742,2
742,1
742,0
741,5
741,4
741,3
741,2
741,1
741,0
740,4
740,3
740,2
740,1
740,0
739,5
739,4
739,3
739,2
739,1
739,0
2,166
738,4
738,3
738,2
738,1
738,0
737,4
737,3
737,2
737,1
737,0
736,4
736,3
736,2
736,1
736,0
735,6
735,5
735,4
735,3
735,2
735,1
735,0
734,6
734,5
734,4
734,3
734,2
734,1
734,0
733,3
733,2
733,1
733,0
732,3
732,2
732,1
732,0
731,6
731,5
731,4
731,3
731,2
731,1
731,0
730,6
730,5
730,4
730,3
730,2
730,1
730,0
729,6
729,5
729,4
729,3
729,2
729,1
729,0
2,165
2,164
0,404
728,8
728,7
728,6
728,5
728,4
728,3
728,2
728,1
728,0
2,163
727,3
727,2
727,1
727,0
2,162
726,8
726,7
726,6
726,5
726,4
726,3
726,2
726,1
726,0
2,161
725,8
725,7
725,6
725,5
725,4
725,3
725,2
725,1
725,0
2,160
724,3
724,2
724,1
724,0
723,4
723,3
723,2
723,1
723,0
722,6
722,5
722,4
722,3
722,2
722,1
722,0
721,6
721,5
721,4
721,3
721,2
721,1
721,0
720,7
720,6
720,5
720,4
720,3
720,2
720,1
720,0
2,159
719,4
719,3
719,2
719,1
719,0
2,158
718,4
718,3
718,2
718,1
718,0
2,157
0,396
717,4
717,3
717,2
717,1
717,0
716,4
716,3
716,2
716,1
716,0
715,4
715,3
715,2
715,1
715,0
714,5
714,4
714,3
714,2
714,1
714,0
713,7
713,6
713,5
713,4
713,3
713,2
713,1
713,0
712,4
712,3
712,2
712,1
712,0
711,4
711,3
711,2
711,1
711,0
710,4
710,3
710,2
710,1
710,0
709,6
709,5
709,4
709,3
709,2
709,1
709,0
708,6
708,5
708,4
708,3
708,2
708,1
708,0
2,156
707,6
707,5
707,4
707,3
707,2
707,1
707,0
706,6
706,5
706,4
706,3
706,2
706,1
706,0
705,5
705,4
705,3
705,2
705,1
705,0
704,5
704,4
704,3
704,2
704,1
704,0
703,4
703,3
703,2
703,1
703,0
702,6
702,5
702,4
702,3
702,2
702,1
702,0
701,4
701,3
701,2
701,1
701,0
700,5
700,4
700,3
700,2
700,1
700,0
699,4
699,3
699,2
699,1
699,0
698,5
698,4
698,3
698,2
698,1
698,0
697,4
697,3
697,2
697,1
697,0
696,6
696,5
696,4
696,3
696,2
696,1
696,0
695,5
695,4
695,3
695,2
695,1
695,0
694,3
694,2
694,1
694,0
0,575
0,574
693,3
693,2
693,1
693,0
692,3
692,2
692,1
692,0
691,3
691,2
0,573
691,1
691,0
690,3
690,2
690,1
690,0
689,3
689,2
689,1
689,0
688,5
688,4
688,3
688,2
688,1
688,0
2,155
687,4
687,3
687,2
687,1
687,0
0,572
2,154
686,5
686,4
686,3
686,2
686,1
686,0
2,153
685,5
685,4
685,3
685,2
685,1
685,0
684,4
684,3
684,2
684,1
684,0
0,571
683,6
683,5
683,4
683,3
683,2
683,1
683,0
682,5
682,4
682,3
682,2
682,1
682,0
681,5
681,4
681,3
681,2
681,1
681,0
680,5
680,4
680,3
680,2
680,1
680,0
2,152
679,7
679,6
679,5
679,4
679,3
679,2
679,1
679,0
2,151
678,6
678,5
678,4
678,3
678,2
678,1
678,0
677,5
677,4
677,3
677,2
677,1
677,0
676,3
676,2
676,1
676,0
2,150
675,4
675,3
675,2
675,1
675,0
0,570
0,569
0,568
674,3
674,2
674,1
674,0
673,6
673,5
673,4
673,3
673,2
673,1
673,0
661,15
0,567
672,3
672,2
672,1
672,0
671,3
671,2
671,1
671,0
670,3
670,2
670,1
670,0
669,3
669,2
669,1
669,0
668,3
668,2
668,1
668,0
667,3
667,2
667,1
667,0
666,3
666,2
666,1
666,0
665,3
665,2
665,1
665,0
664,3
664,2
664,1
664,0
663,3
663,2
663,1
663,0
662,3
662,2
662,1
662,0
661,14
661,13
661,12
661,11
661,10
661,9
661,8
661,7
661,6
661,5
661,4
661,3
661,2
661,1
661,0
2,149
660,4
660,3
660,2
660,1
660,0
659,3
659,2
659,1
659,0
658,3
658,2
658,1
658,0
657,6
657,5
657,4
657,3
657,2
657,1
657,0
2,148
656,4
656,3
656,2
0,566
656,1
656,0
0,565
655,6
655,5
655,4
655,3
655,2
0,564
655,1
655,0
2,147
654,6
654,5
654,4
654,3
654,2
0,563
654,1
654,0
2,146
653,6
653,5
653,4
653,3
653,2
0,562
653,1
653,0
652,5
652,4
652,3
652,2
652,1
652,0
651,5
651,4
651,3
651,2
651,1
651,0
2,145
650,5
650,4
650,3
650,2
650,1
650,0
649,5
649,4
649,3
649,2
649,1
649,0
648,6
648,5
648,4
648,3
648,2
648,1
648,0
2,144
0,561
647,5
647,4
647,3
647,2
647,1
647,0
646,5
646,4
646,3
646,2
0,560
646,1
646,0
645,5
645,4
645,3
645,2
645,1
645,0
644,5
644,4
644,3
644,2
644,1
644,0
643,5
643,4
643,3
643,2
643,1
643,0
642,4
642,3
642,2
642,1
642,0
641,3
641,2
641,1
641,0
640,3
640,2
640,1
640,0
639,3
639,2
639,1
639,0
638,3
638,2
0,559
638,1
638,0
637,3
637,2
0,558
637,1
637,0
636,3
636,2
636,1
636,0
630,16
630,15
630,14
630,13
630,12
630,11
630,10
630,9
630,8
630,7
630,6
0,557
630,5
0,556
630,4
635,3
635,2
635,1
635,0
634,3
634,2
0,555
0,554
634,1
634,0
633,3
633,2
633,1
633,0
632,3
632,2
0,553
632,1
632,0
631,3
631,2
631,1
631,0
630,3
630,2
630,1
630,0
2,143
2,142
629,12
629,11
629,10
629,9
629,8
629,7
629,6
629,5
629,4
629,3
629,2
0,552
629,1
629,0
0,551
628,5
628,4
628,3
628,2
628,1
628,0
627,4
627,3
627,2
627,1
627,0
626,3
626,2
626,1
626,0
625,3
625,2
625,1
625,0
624,3
624,2
624,1
624,0
623,3
623,2
623,1
623,0
622,3
622,2
622,1
622,0
621,3
621,2
621,1
621,0
615,14
615,13
615,12
615,11
615,10
615,9
615,8
615,7
615,6
615,5
615,4
620,3
620,2
620,1
620,0
619,3
619,2
619,1
619,0
618,3
618,2
618,1
618,0
617,3
617,2
617,1
617,0
616,3
616,2
616,1
616,0
615,3
615,2
615,1
615,0
2,141
2,140
614,12
614,11
614,10
614,9
614,8
614,7
614,6
614,5
614,4
614,3
614,2
614,1
614,0
2,139
613,5
613,4
613,3
613,2
613,1
613,0
2,138
612,6
612,5
612,4
612,3
612,2
612,1
612,0
611,4
611,3
611,2
611,1
611,0
610,3
610,2
610,1
610,0
609,3
609,2
609,1
609,0
608,3
608,2
608,1
608,0
607,3
607,2
607,1
607,0
606,3
606,2
0,550
606,1
606,0
605,3
605,2
605,1
605,0
599,15
599,14
599,13
599,12
599,11
599,10
599,9
599,8
599,7
599,6
599,5
599,4
604,3
604,2
604,1
604,0
603,3
603,2
603,1
603,0
602,3
602,2
602,1
602,0
601,3
601,2
601,1
601,0
600,3
600,2
600,1
600,0
599,3
599,2
599,1
599,0
598,11
598,10
598,9
598,8
598,7
598,6
598,5
598,4
598,3
598,2
598,1
598,0
0,549
597,4
597,3
597,2
597,1
597,0
596,5
596,4
596,3
596,2
596,1
596,0
595,5
595,4
595,3
595,2
595,1
595,0
594,4
594,3
594,2
594,1
594,0
0,548
593,3
593,2
593,1
593,0
592,3
592,2
592,1
592,0
591,3
591,2
0,547
591,1
591,0
590,3
590,2
590,1
590,0
589,3
589,2
589,1
589,0
588,3
588,2
588,1
588,0
582,16
582,15
582,14
582,13
582,12
582,11
582,10
582,9
582,8
582,7
582,6
582,5
582,4
587,3
587,2
587,1
587,0
586,3
586,2
586,1
586,0
585,3
585,2
585,1
585,0
584,3
584,2
584,1
584,0
583,3
583,2
583,1
583,0
582,3
582,2
582,1
582,0
2,137
2,136
581,14
581,13
581,12
581,11
581,10
581,9
581,8
581,7
581,6
581,5
581,4
581,3
581,2
581,1
581,0
0,546
580,4
580,3
580,2
580,1
580,0
579,4
579,3
579,2
579,1
579,0
2,135
578,5
578,4
578,3
578,2
578,1
578,0
577,7
577,6
577,5
577,4
577,3
577,2
0,545
577,1
577,0
576,9
576,8
576,7
576,6
576,5
576,4
576,3
576,2
576,1
576,0
575,4
575,3
575,2
0,544
575,1
575,0
574,3
574,2
574,1
574,0
573,3
573,2
573,1
573,0
0,543
572,3
572,2
572,1
572,0
571,3
571,2
571,1
571,0
2,134
570,3
570,2
570,1
570,0
2,133
569,4
569,3
569,2
0,353
569,1
569,0
568,5
568,4
568,3
568,2
568,1
568,0
567,5
567,4
567,3
567,2
567,1
567,0
0,542
566,4
566,3
566,2
566,1
566,0
0,541
565,4
565,3
565,2
565,1
565,0
564,5
564,4
564,3
564,2
564,1
564,0
563,3
563,2
563,1
563,0
2,132
2,131
562,5
562,4
562,3
562,2
562,1
562,0
561,4
561,3
561,2
561,1
561,0
560,5
560,4
560,3
560,2
560,1
560,0
559,6
559,5
559,4
559,3
559,2
559,1
559,0
0,392
558,6
558,5
558,4
558,3
558,2
558,1
558,0
557,5
557,4
557,3
557,2
557,1
557,0
556,4
556,3
556,2
556,1
556,0
555,4
555,3
555,2
555,1
555,0
554,4
554,3
554,2
554,1
554,0
553,3
553,2
553,1
553,0
552,4
552,3
552,2
552,1
552,0
0,540
551,4
551,3
551,2
551,1
551,0
2,130
550,6
550,5
550,4
550,3
550,2
550,1
550,0
0,539
549,4
549,3
549,2
549,1
549,0
0,538
548,4
548,3
548,2
548,1
548,0
547,4
547,3
547,2
0,537
547,1
547,0
546,4
546,3
546,2
546,1
546,0
0,536
545,4
545,3
545,2
0,535
545,1
545,0
544,6
544,5
544,4
544,3
544,2
544,1
544,0
0,534
543,5
543,4
543,3
543,2
543,1
543,0
0,386
542,4
542,3
542,2
542,1
542,0
541,4
541,3
541,2
541,1
541,0
540,4
540,3
540,2
540,1
540,0
539,6
539,5
539,4
539,3
539,2
539,1
539,0
538,7
538,6
538,5
538,4
538,3
538,2
538,1
538,0
2,129
0,533
537,4
537,3
537,2
537,1
537,0
536,5
536,4
536,3
536,2
0,532
536,1
536,0
535,3
535,2
535,1
535,0
2,127
534,3
534,2
534,1
534,0
533,3
533,2
533,1
533,0
532,3
532,2
532,1
532,0
2,126
2,125
531,5
531,4
531,3
531,2
531,1
531,0
530,4
530,3
530,2
530,1
530,0
2,124
529,5
529,4
529,3
529,2
529,1
529,0
528,4
528,3
528,2
528,1
528,0
527,4
527,3
527,2
527,1
527,0
526,3
526,2
526,1
526,0
525,3
525,2
525,1
525,0
524,3
524,2
524,1
524,0
523,3
523,2
523,1
523,0
522,3
522,2
522,1
522,0
521,3
521,2
521,1
521,0
515,6
515,5
515,4
520,3
520,2
520,1
520,0
519,3
519,2
519,1
519,0
518,3
518,2
518,1
518,0
517,3
517,2
517,1
517,0
516,3
516,2
516,1
516,0
515,3
515,2
515,1
515,0
514,3
514,2
514,1
514,0
513,3
513,2
513,1
513,0
512,3
512,2
512,1
512,0
511,3
511,2
511,1
511,0
510,3
510,2
510,1
510,0
509,3
509,2
509,1
509,0
503,5
503,4
508,3
508,2
508,1
508,0
507,3
507,2
507,1
507,0
506,3
506,2
506,1
506,0
505,3
505,2
0,531
505,1
505,0
504,3
504,2
504,1
504,0
503,3
503,2
503,1
503,0
502,8
502,7
502,6
502,5
502,4
502,3
502,2
502,1
502,0
0,530
501,6
501,5
501,4
501,3
501,2
501,1
501,0
0,529
500,6
500,5
500,4
500,3
500,2
500,1
500,0
0,528
499,6
499,5
499,4
499,3
499,2
499,1
499,0
0,527
498,6
498,5
498,4
498,3
498,2
498,1
498,0
0,526
497,3
497,2
497,1
497,0
0,525
496,6
496,5
496,4
496,3
496,2
496,1
496,0
0,524
495,3
495,2
495,1
495,0
0,523
494,6
494,5
494,4
494,3
494,2
494,1
494,0
0,522
493,3
493,2
493,1
493,0
0,521
0,520
492,5
492,4
492,3
492,2
492,1
492,0
491,3
491,2
491,1
491,0
490,3
490,2
490,1
490,0
2,123
489,6
489,5
489,4
489,3
489,2
489,1
489,0
2,122
0,519
488,6
488,5
488,4
488,3
488,2
488,1
488,0
2,121
487,3
487,2
487,1
487,0
486,3
486,2
486,1
486,0
485,3
485,2
485,1
485,0
484,3
484,2
484,1
484,0
2,120
483,3
483,2
0,518
483,1
483,0
2,119
482,4
482,3
482,2
0,517
482,1
482,0
481,5
481,4
481,3
481,2
0,516
481,1
481,0
480,3
480,2
480,1
480,0
2,118
479,6
479,5
479,4
479,3
479,2
479,1
479,0
478,6
478,5
478,4
478,3
478,2
478,1
478,0
477,3
477,2
477,1
477,0
0,515
476,5
476,4
476,3
476,2
0,514
476,1
476,0
475,5
475,4
475,3
475,2
475,1
475,0
0,513
474,5
474,4
474,3
474,2
474,1
474,0
473,4
473,3
473,2
473,1
473,0
0,512
472,5
472,4
472,3
472,2
472,1
472,0
471,5
471,4
471,3
471,2
471,1
471,0
470,4
470,3
470,2
470,1
470,0
469,5
469,4
469,3
469,2
469,1
469,0
468,5
468,3
468,2
468,1
468,0
2,117
467,6
467,5
467,4
467,3
467,2
467,1
467,0
2,128
2,116
466,5
466,4
466,3
466,2
466,1
466,0
465,5
465,4
465,3
465,2
465,1
465,0
464,5
464,4
464,3
464,2
464,1
464,0
463,4
463,3
463,2
463,1
463,0
462,6
462,5
462,4
462,3
462,2
462,1
462,0
461,3
461,2
461,1
461,0
460,3
460,2
460,1
460,0
459,7
459,6
459,5
459,4
459,3
459,2
459,1
459,0
458,4
458,3
458,2
458,1
458,0
457,3
457,2
457,1
457,0
2,115
456,7
456,6
456,5
456,4
456,3
456,2
456,1
456,0
455,7
455,6
455,5
455,4
455,3
455,2
455,1
455,0
0,491
454,7
454,6
454,5
454,4
454,3
454,2
454,1
454,0
2,114
453,7
453,6
453,5
453,4
453,3
453,2
453,1
453,0
452,7
452,6
452,5
452,4
452,3
452,2
452,1
452,0
451,4
451,3
451,2
451,1
451,0
2,113
450,7
450,6
450,5
450,4
450,3
450,2
450,1
450,0
449,3
449,2
449,1
449,0
448,3
448,2
448,1
448,0
447,3
447,2
447,1
447,0
2,112
446,3
446,2
446,1
446,0
445,6
445,5
445,4
445,3
445,2
445,1
445,0
444,3
444,2
444,1
444,0
443,3
443,2
443,1
443,0
442,3
442,2
442,1
442,0
441,3
441,2
441,1
441,0
440,3
440,2
440,1
440,0
439,3
439,2
439,1
439,0
438,3
438,2
438,1
438,0
437,3
437,2
437,1
437,0
436,3
436,2
436,1
436,0
435,3
435,2
435,1
435,0
434,3
434,2
434,1
434,0
433,3
433,2
433,1
433,0
432,5
432,4
432,3
432,2
432,1
432,0
431,4
431,3
431,2
431,1
431,0
430,3
430,2
430,1
430,0
429,3
429,2
429,1
429,0
428,3
428,2
428,1
428,0
427,3
427,2
427,1
427,0
426,3
426,2
426,1
426,0
425,3
425,2
425,1
425,0
419,5
419,4
424,3
424,2
424,1
424,0
423,3
423,2
423,1
423,0
422,3
422,2
422,1
422,0
421,3
421,2
421,1
421,0
420,3
420,2
420,1
420,0
419,3
419,2
419,1
419,0
418,4
418,3
418,2
418,1
418,0
417,3
417,2
417,1
417,0
416,3
416,2
416,1
416,0
415,3
415,2
415,1
415,0
414,3
414,2
414,1
414,0
413,3
413,2
413,1
413,0
412,3
412,2
412,1
412,0
406,4
411,3
411,2
411,1
411,0
410,3
410,2
410,1
410,0
409,3
409,2
409,1
409,0
408,3
408,2
408,1
408,0
407,3
407,2
407,1
407,0
406,3
406,2
406,1
406,0
405,5
405,4
405,3
405,2
405,1
405,0
404,4
404,3
404,2
404,1
404,0
1,12
403,3
403,2
403,1
403,0
2,111
402,6
402,5
402,4
402,3
402,2
402,1
402,0
400,5
401,4
401,3
401,2
401,1
401,0
400,4
400,3
400,2
400,1
400,0
1,11
399,4
399,3
399,2
399,1
399,0
2,110
398,4
398,3
398,2
398,1
398,0
397,3
